100
4
13 1 6 3
5 4 2 7
15 14 8 12
16 10 9 11
4
14 3 16 8
15 2 5 10
13 7 9 4
11 6 12 1
1
13 11 9 14
5 7 4 6
3 10 12 1
16 15 2 8
2
7 13 9 15
16 6 10 8
5 11 2 3
1 4 12 14
3
6 3 2 12
8 11 10 9
16 5 1 4
13 7 15 14
1
5 10 16 2
6 1 7 13
9 3 14 12
4 11 8 15
4
10 2 12 8
15 4 1 9
11 14 13 6
7 16 3 5
2
16 7 11 10
6 4 15 12
3 13 8 1
14 2 5 9
2
15 4 1 14
10 12 13 8
5 9 16 7
6 3 11 2
1
16 8 11 12
3 14 6 7
10 13 1 4
2 15 9 5
1
5 6 14 8
3 12 2 4
1 7 13 10
16 15 9 11
2
2 1 6 9
11 7 10 13
15 16 3 8
4 12 5 14
4
9 7 14 5
8 2 11 10
12 1 4 15
13 16 3 6
3
2 8 9 4
1 13 6 5
12 7 14 11
15 3 16 10
1
2 11 7 6
3 5 8 15
9 12 4 1
13 10 16 14
2
5 14 2 8
7 15 16 12
13 10 11 3
4 6 9 1
3
15 14 5 10
1 16 9 13
12 11 4 2
3 8 6 7
4
16 7 10 11
12 4 5 2
3 1 9 13
8 6 14 15
4
11 1 5 7
15 16 3 10
9 4 13 14
8 6 2 12
3
14 4 1 11
7 10 16 2
8 6 12 13
5 3 9 15
4
3 8 1 10
11 14 9 13
2 12 5 15
4 16 7 6
4
6 13 14 4
1 8 2 12
7 16 10 9
11 3 15 5
3
3 8 5 15
13 6 10 1
14 2 16 12
9 4 11 7
3
2 8 15 9
11 6 4 7
14 5 1 3
13 12 16 10
3
11 7 9 6
10 14 16 2
5 12 1 4
13 8 15 3
2
11 1 10 13
5 9 14 16
7 3 4 6
12 8 15 2
3
2 10 16 11
15 7 9 5
14 13 1 6
12 3 8 4
3
9 15 7 12
14 3 1 16
5 2 13 11
4 6 8 10
4
13 10 1 12
16 14 9 2
8 4 15 3
5 6 11 7
3
2 8 10 6
11 9 7 16
3 15 1 4
5 12 14 13
1
15 1 3 6
16 13 8 10
9 2 11 14
7 4 5 12
1
11 13 3 10
15 1 16 5
2 8 9 4
14 6 12 7
2
4 10 1 14
5 6 3 12
9 2 7 16
11 13 8 15
3
10 4 7 15
14 5 6 3
16 1 12 11
9 8 2 13
2
14 7 12 11
5 6 9 8
3 10 1 13
15 16 2 4
4
4 6 14 10
5 16 12 15
11 13 1 8
7 9 3 2
4
8 16 2 10
13 7 15 14
4 6 11 1
5 12 3 9
1
5 3 12 9
11 4 13 15
1 6 7 8
14 16 10 2
1
7 13 11 9
15 4 2 3
8 1 5 10
14 12 16 6
1
8 13 15 7
4 9 3 16
5 11 10 14
12 1 6 2
1
10 16 13 8
3 9 1 2
11 14 15 6
7 12 5 4
1
9 4 5 14
16 12 15 11
8 2 1 7
13 6 10 3
4
9 4 2 8
7 13 5 11
3 10 6 1
12 15 14 16
3
7 14 5 12
4 15 8 6
16 10 3 13
1 11 2 9
3
1 5 15 4
3 13 8 10
11 16 12 6
9 14 2 7
2
16 9 1 6
10 3 2 4
8 7 15 13
14 11 12 5
3
8 14 6 2
4 7 12 5
11 9 3 10
15 13 1 16
3
12 7 6 5
8 4 1 2
11 10 13 3
16 15 9 14
2
5 14 2 12
15 7 16 4
3 1 13 10
11 9 6 8
2
12 13 2 9
7 8 11 16
5 1 14 6
10 4 15 3
1
7 2 15 14
11 3 10 1
16 9 5 6
8 12 4 13
1
7 2 4 12
10 8 6 11
13 15 1 14
9 16 3 5
1
15 7 16 12
6 2 5 4
9 14 1 3
11 13 10 8
2
7 16 6 15
14 9 5 10
4 11 8 12
13 1 2 3
4
3 7 1 15
11 5 4 6
8 13 12 2
10 16 9 14
3
14 8 9 2
16 12 1 6
4 11 15 7
10 5 13 3
3
11 2 3 15
8 4 9 1
6 7 14 16
13 10 12 5
1
2 4 13 14
15 9 10 5
12 3 1 8
16 7 6 11
1
12 15 13 5
1 2 4 16
11 14 7 8
3 10 6 9
4
5 16 10 4
2 7 6 13
3 15 1 11
14 8 12 9
4
13 1 4 14
10 5 15 11
16 8 9 6
2 7 12 3
2
9 8 11 10
15 12 16 2
1 4 7 6
5 3 14 13
2
12 1 14 2
8 7 13 6
16 5 9 4
3 11 10 15
1
16 14 3 1
15 4 5 6
7 9 8 2
12 11 13 10
3
4 15 13 10
11 6 16 14
1 5 3 9
8 12 2 7
2
7 6 11 15
3 5 2 14
16 1 10 8
12 4 13 9
1
13 10 16 5
15 9 1 7
6 11 3 8
14 2 12 4
3
3 14 13 5
11 16 1 10
15 4 2 6
7 8 9 12
1
1 5 13 11
4 3 10 9
6 7 2 15
14 8 16 12
1
14 3 6 5
16 7 8 11
10 2 12 4
15 13 1 9
4
7 14 15 2
11 13 8 1
3 5 6 16
10 12 9 4
3
5 11 14 9
10 2 3 16
1 13 4 12
6 7 15 8
3
8 4 11 3
6 12 16 10
7 9 13 2
5 14 1 15
4
10 4 2 15
16 9 11 3
8 13 12 5
1 7 14 6
4
9 10 15 5
3 4 11 2
1 16 12 14
7 13 8 6
1
11 10 3 16
1 13 5 2
14 12 15 4
7 9 6 8
4
14 11 7 12
13 6 1 5
3 4 9 8
16 2 10 15
1
14 6 4 3
16 7 5 10
15 8 13 11
12 2 1 9
4
10 11 12 16
3 7 14 5
9 15 2 13
4 8 6 1
3
9 15 8 4
6 2 10 16
7 11 12 14
1 3 13 5
4
8 14 4 5
9 10 16 11
1 2 13 12
6 15 3 7
3
8 3 1 11
7 16 15 13
9 6 2 10
14 5 4 12
1
2 9 4 14
15 13 16 6
7 10 5 1
3 11 12 8
1
14 5 12 6
13 15 8 7
11 4 3 1
9 16 10 2
3
10 6 12 11
4 14 3 16
7 9 5 2
13 8 15 1
1
4 8 10 13
11 6 14 1
15 16 5 12
9 2 3 7
3
6 11 13 2
12 15 7 1
16 3 4 5
9 8 10 14
4
11 12 6 15
7 4 8 1
14 2 10 13
3 5 9 16
1
9 5 12 1
13 4 15 8
7 11 10 14
6 16 3 2
2
7 8 1 9
10 3 5 12
4 11 2 6
14 15 13 16
2
9 16 10 3
15 5 6 4
2 13 8 14
12 11 1 7
4
13 7 3 15
9 1 6 2
12 5 10 8
11 4 14 16
4
15 12 9 2
14 16 13 11
5 4 8 6
7 1 10 3
2
3 4 7 2
1 14 13 6
16 10 12 11
5 8 15 9
2
3 16 10 1
15 11 13 12
7 2 14 8
4 9 5 6
1
4 11 12 2
1 7 13 8
3 6 15 14
10 5 9 16
4
11 2 7 9
1 4 16 13
14 12 6 5
15 3 10 8
1
4 13 11 3
2 12 14 8
5 10 7 6
1 16 9 15
4
4 13 14 16
9 2 10 12
8 3 11 15
6 5 7 1
4
13 2 10 8
15 12 14 6
1 5 9 4
7 11 3 16
1
1 5 9 15
2 3 4 13
16 14 6 12
7 10 11 8
4
1 11 6 13
14 7 2 16
10 9 15 8
12 4 3 5
2
9 4 5 14
11 6 2 13
10 7 1 15
16 3 8 12
3
7 4 11 9
6 8 16 13
1 14 3 15
10 5 12 2
4
12 9 1 7
15 3 11 10
16 6 5 8
14 4 2 13
2
8 15 6 11
4 9 10 16
12 5 14 7
1 3 13 2
1
11 6 4 3
8 12 13 2
7 9 16 5
15 10 1 14
2
14 12 7 16
13 11 6 3
2 15 10 1
8 4 5 9
1
13 6 9 10
11 1 2 16
8 4 3 5
7 12 15 14
1
9 1 6 8
3 16 12 14
11 4 2 5
15 7 10 13
1
10 2 6 14
12 1 8 9
3 5 7 15
11 13 4 16
1
14 10 6 2
5 8 13 16
15 4 7 1
11 9 3 12
2
6 11 8 5
9 10 15 3
1 16 7 4
14 2 13 12
2
13 1 2 12
15 8 6 9
4 16 5 10
7 3 14 11
1
7 16 3 14
6 4 15 2
1 10 11 5
8 13 12 9
3
7 14 6 3
2 4 8 12
13 5 10 15
1 16 11 9
4
11 2 16 1
3 12 14 6
15 10 13 7
4 5 8 9
3
2 11 3 16
9 4 12 10
5 1 13 14
8 7 6 15
3
13 11 14 5
12 6 7 4
3 10 16 15
1 8 2 9
2
15 8 12 9
13 16 6 5
4 14 10 7
1 3 2 11
3
2 7 9 4
13 14 6 12
5 11 1 16
3 8 10 15
1
14 6 10 4
7 9 3 12
11 1 8 2
5 13 15 16
2
5 8 9 6
12 11 14 13
1 16 15 7
4 2 3 10
3
13 11 3 15
16 14 7 2
8 4 12 1
9 6 5 10
2
3 8 13 10
11 6 2 9
7 5 4 14
15 1 12 16
3
11 4 15 7
14 6 10 16
12 5 9 1
13 3 2 8
2
3 15 1 2
16 11 4 14
12 13 8 10
9 7 6 5
1
6 5 10 9
14 12 3 7
8 4 2 15
11 13 16 1
1
6 4 8 13
14 9 11 7
5 10 2 1
3 15 12 16
4
14 2 7 15
9 3 1 10
16 12 5 11
6 13 4 8
2
5 9 16 10
11 12 8 4
3 2 1 7
13 6 14 15
1
13 14 3 4
10 5 12 9
11 6 1 7
2 16 15 8
3
7 14 2 6
9 1 3 5
16 13 11 10
4 12 8 15
1
13 8 15 2
5 12 1 10
7 14 11 4
9 6 16 3
2
3 15 9 11
7 16 5 12
2 8 13 1
14 4 6 10
2
11 6 12 4
10 15 13 7
5 9 14 3
8 2 1 16
2
1 8 7 16
14 3 6 12
4 13 10 2
5 15 11 9
1
8 7 5 14
1 13 2 12
4 9 16 15
10 6 11 3
2
13 5 1 9
7 12 14 2
16 15 11 3
4 8 10 6
1
9 5 11 8
13 16 15 14
10 2 1 12
7 6 3 4
2
2 14 4 10
13 12 11 5
8 15 16 1
3 7 6 9
2
7 8 15 3
5 12 13 11
4 2 6 9
14 1 10 16
2
9 13 7 3
12 6 2 1
5 16 14 8
11 15 4 10
4
9 11 16 3
2 8 15 10
12 13 6 1
7 4 5 14
4
11 1 6 16
12 4 2 15
7 5 10 3
14 13 8 9
3
6 11 9 1
4 14 7 10
3 8 2 13
12 15 16 5
2
4 15 14 3
8 2 16 9
5 11 13 10
1 6 12 7
1
9 8 16 2
12 15 13 14
1 3 7 5
6 4 11 10
3
3 16 7 5
1 12 4 2
6 9 14 13
10 15 8 11
3
4 15 16 8
2 14 5 11
9 7 13 6
10 1 12 3
3
13 12 4 11
9 3 16 6
15 8 14 1
5 10 7 2
3
12 8 10 15
11 9 7 6
4 3 16 5
14 2 13 1
2
16 1 11 2
4 12 14 9
13 5 15 10
7 8 6 3
3
12 5 7 3
16 10 9 8
11 2 15 1
13 6 4 14
1
7 13 8 14
4 9 11 10
16 2 3 6
15 12 5 1
2
8 13 6 12
11 16 1 2
15 7 4 9
14 5 10 3
4
3 8 12 4
5 14 7 16
13 11 6 2
10 9 15 1
2
15 5 7 14
1 4 9 2
8 16 12 13
6 11 3 10
3
11 9 14 12
5 6 16 1
7 15 4 13
2 8 10 3
3
9 7 8 15
10 12 1 3
14 6 2 16
11 4 5 13
1
1 5 15 2
11 10 6 3
8 12 7 4
9 13 14 16
4
8 11 4 10
6 16 13 12
7 9 14 3
15 5 2 1
4
10 16 5 2
4 11 13 14
9 6 7 1
12 15 3 8
2
13 4 5 12
10 1 6 9
8 7 3 14
2 16 15 11
4
6 16 12 1
2 5 13 3
15 9 10 4
7 11 8 14
4
8 4 9 3
2 16 12 13
5 7 14 10
11 1 15 6
3
10 14 6 15
16 8 2 7
1 4 5 11
3 12 13 9
4
11 9 16 3
10 6 8 14
13 2 12 7
15 1 4 5
2
8 10 9 1
7 2 6 14
4 15 5 12
3 16 11 13
1
14 7 6 3
16 9 11 5
13 1 8 10
12 4 15 2
4
11 16 2 1
5 13 3 6
10 8 12 9
15 4 14 7
2
12 8 4 13
9 7 15 10
5 2 6 14
11 16 3 1
4
10 4 8 6
11 2 7 5
9 3 13 14
1 12 16 15
4
4 6 14 13
2 11 8 5
1 10 3 7
16 15 9 12
3
9 8 12 7
3 16 10 1
5 14 4 15
6 13 2 11
1
13 4 5 1
11 16 3 6
7 2 10 8
12 15 14 9
3
15 1 14 6
10 2 5 8
12 9 13 11
16 7 4 3
4
5 14 9 15
12 10 8 11
7 2 16 3
13 1 4 6
1
12 3 1 10
5 8 6 9
7 15 14 16
2 13 4 11
2
15 7 3 11
6 9 16 4
2 8 14 1
13 10 12 5
3
12 5 10 15
2 4 8 6
13 14 9 16
11 7 1 3
2
9 12 14 15
3 10 1 6
11 7 16 13
8 5 4 2
3
8 6 3 14
10 12 9 16
5 13 15 11
7 4 1 2
4
11 10 2 5
12 16 6 15
7 1 3 8
4 14 9 13
3
13 2 4 9
16 10 14 3
1 12 8 5
7 11 15 6
4
12 11 5 8
15 2 3 7
10 9 13 6
1 16 14 4
2
9 4 8 16
3 7 12 1
5 6 10 13
14 11 15 2
3
15 11 14 7
10 1 2 9
4 16 5 8
3 12 13 6
3
4 5 1 7
13 8 2 15
12 11 3 6
14 9 16 10
3
14 6 16 15
7 1 4 2
9 5 13 3
8 12 10 11
4
1 10 15 12
8 16 14 4
7 9 2 6
13 3 5 11
2
8 13 7 9
2 11 4 5
16 10 6 1
14 12 15 3
2
1 3 7 14
10 12 2 8
4 6 5 9
15 11 16 13
4
1 7 4 2
15 5 14 11
12 16 8 9
10 3 6 13
4
8 6 2 7
11 9 3 15
13 1 14 16
5 10 12 4
3
1 14 7 2
3 13 16 8
10 12 4 5
6 15 9 11
4
6 15 13 14
16 8 1 9
3 10 12 7
5 2 4 11
3
8 2 7 9
13 3 1 5
14 4 16 6
11 12 15 10
1
11 9 5 13
14 1 16 6
15 10 3 8
7 4 2 12
1
11 5 13 9
6 7 1 15
2 3 10 12
8 14 4 16
