100
491.99332 1.00863 1908.86802
495.94968 1.01573 1939.17522
490.41295 1.05939 1918.57382
30.75218 1.25167 51.97540
494.34585 1.28243 1992.43217
491.58089 1.41849 1921.95579
1.00382 3.42909 1999.83592
374.03779 4.0000 145.0
497.25191 1.41186 1945.58461
307.37073 1.16092 358.50268
374.0 2.0 121.0
500.000 3.5316 495.0
496.32455 1.46475 1913.19891
497.29909 1.57490 569.67056
370.0 3.0 1733.0
500.00000 2.00000 532.00000
1.08761 3.36663 1999.93892
478.0 2.0 1.000
402.21 1.1 1593.6209
310.78769 1.69871 216.59655
494.69989 1.39182 1983.94539
498.71179 1.40928 1920.23184
493.91424 3.93722 1284.81488
495.56385 1.21868 1976.48315
491.19471 1.07028 1953.06094
497.87830 1.27343 1983.26050
493.34467 1.28601 1977.32999
487.0 1.0 1427.0
494.98104 1.03227 1956.05969
494.80379 1.14765 1973.07648
43.50679 1.08166 796.43722
368.74518 1.43200 1394.55063
1.00494 3.27168 1999.80100
125.31987 3.54366 1215.29536
478.546 2.843 657.0
380.00000 4.00000 415.00000
495.39900 1.00131 1902.79744
231.0 3.2474 21.018
491.24805 1.06409 1944.73759
474.00000 4.00000 513.00000
60.0 1.0 994.0
171.70305 3.46484 1397.64899
133.35151 1.05705 1165.42426
5.0 1.0 1018.0
491.84057 1.43690 1975.12667
280.00000 2.00000 304.00000
11.30327 1.90815 281.03552
323.82519 3.9 143.34
11.0 2.0 994.0
79.0 2.92 905.524
55.4775 2.95 115.289
493.93751 1.21203 1943.64771
374.0 1.14 520.2
496.18065 1.36073 1977.14085
493.67269 1.27873 1939.42041
494.57533 1.47983 1959.90068
498.44202 1.18495 1990.22102
204.00000 2.00000 408.00000
392.0 3.0 156.0
495.00000 2.00000 990.00000
491.20605 1.07913 1945.99314
148.00000 2.00000 296.00000
496.40366 1.46394 1969.13615
2.24063 3.81556 3.47517
494.84829 1.19731 1917.05777
308.53843 1.62493 372.70655
367.0 3.0 1954.0
469.36122 3.45341 1754.34371
490.45284 1.25602 1900.80339
493.11634 1.22777 1921.61413
329.0 3.0 923.0
1.04168 3.90802 1999.98874
25.00000 2.00000 50.00000
498.30249 1.23850 1908.05075
24.8215 1.0000 663.789
437.013 1.62346 6.0
74.13 2.88808 536.668
497.77202 1.38179 1942.99519
1.00000 3.07 1419.66292
492.991 3.0 631.29331
200.93327 2.24474 821.72033
497.33050 1.26502 1990.75166
327.48998 2.56676 1257.65395
147.46 3.3 1209.11229
498.42847 1.07868 1942.84608
120.63 3.039 48.0
477.45041 3.38458 661.00700
453.93062 3.62110 1666.18593
141.0 2.0 1508.0
491.62285 1.31699 1999.48477
493.67646 1.39816 1976.35301
498.19756 1.48954 1970.51724
143.01181 3.78832 198.04213
212.2 3.0 2000.00
99.0 4.0 1173.0
183.0 1.0 1370.0
393.31187 2.63671 852.82548
389.79091 2.38853 1422.38660
221.49 3.133 1629.24
18.0 4.0 1233.0
