100
6 5000041
2 401
2 001
6 0000002
6 2220101
6 9692949
6 8000091
6 2012121
6 1000001
6 2222121
6 1500001
6 7401397
5 700631
6 0022121
2 801
6 3944331
6 2020501
6 4543462
6 4200001
4 25847
6 0000002
3 2061
6 1111211
6 0000001
6 0000051
6 3103349
4 20021
1 41
2 221
0 2
6 0009001
6 3906339
6 0202211
5 210122
6 0000001
5 029001
6 6000001
5 102211
6 0000201
5 110011
2 309
4 22211
4 83287
6 3190612
6 1727423
2 901
5 360061
1 22
1 21
3 7593
0 1
6 0000001
6 5279411
1 01
6 2228421
5 002081
6 3581666
6 1111111
5 205671
3 0834
3 0002
6 0000001
5 000001
5 600002
2 801
3 1111
4 11121
0 1
6 5000301
2 501
6 0000061
0 1
6 0457489
6 6060001
6 0000501
6 0000084
6 0050001
6 2121021
3 2591
6 2211111
0 1
2 182
6 1400041
1 12
6 0070801
6 9000401
6 0000001
6 3000081
6 2090001
6 9999999
4 11111
6 8000001
6 0897098
4 00001
6 0000601
5 111011
6 2201121
1 09
5 007033
6 1100211
